266561275147
625080533816
46413169563
46413169563
74710269856
191307044875
289437588208
200767729567
191307044875
519380348658
478942209940
289437588208
625080533816
191307044875
561912326572
149806915869
191307044875
277402849611
478942209940
149806915869
266561275147
478942209940
93012137932
561912326572
638831140351
289437588208
191307044875
149806915869
301259727149
439630880234
277402849611
200767729567
561912326572
519380348658
619659746584
191307044875
561912326572
519380348658
191307044875
204333687673
149806915869
439630880234
561912326572
646803627451
93012137932
46413169563
478942209940
46413169563
478942209940
46413169563
478942209940
46413169563
478942209940
46413169563
478942209940
46413169563
478942209940
46413169563
478942209940
46413169563
478942209940
46413169563
478942209940
46413169563
478942209940
46413169563
478942209940
